Flag N d M NbThreads AvgTime Schedule_kind Chunk_size Probability
1 100 0.000 1000 1 635 auto 1000 0.000
1 100 0.100 1000 1 693 auto 1000 0.000
1 100 0.200 1000 1 1233 auto 1000 0.000
1 100 0.300 1000 1 2596 auto 1000 1.000
1 100 0.400 1000 1 3021 auto 1000 1.000
1 100 0.500 1000 1 3343 auto 1000 1.000
1 100 0.600 1000 1 3556 auto 1000 1.000
1 100 0.700 1000 1 3713 auto 1000 1.000
1 100 0.800 1000 1 3843 auto 1000 1.000
1 100 0.900 1000 1 3950 auto 1000 1.000
1 100 1.000 1000 1 4167 auto 1000 1.000
1 100 0.000 1000 1 636 auto 128 0.000
1 100 0.100 1000 1 714 auto 128 0.000
1 100 0.200 1000 1 1069 auto 128 0.000
1 100 0.300 1000 1 2591 auto 128 1.000
1 100 0.400 1000 1 3028 auto 128 1.000
1 100 0.500 1000 1 3351 auto 128 1.000
1 100 0.600 1000 1 3567 auto 128 1.000
1 100 0.700 1000 1 3734 auto 128 1.000
1 100 0.800 1000 1 3842 auto 128 1.000
1 100 0.900 1000 1 3956 auto 128 1.000
1 100 1.000 1000 1 4168 auto 128 1.000
1 100 0.000 1000 1 637 auto 1 0.000
1 100 0.100 1000 1 708 auto 1 0.000
1 100 0.200 1000 1 1325 auto 1 0.000
1 100 0.300 1000 1 2580 auto 1 1.000
1 100 0.400 1000 1 3031 auto 1 1.000
1 100 0.500 1000 1 3339 auto 1 1.000
1 100 0.600 1000 1 3582 auto 1 1.000
1 100 0.700 1000 1 3740 auto 1 1.000
1 100 0.800 1000 1 3856 auto 1 1.000
1 100 0.900 1000 1 3963 auto 1 1.000
1 100 1.000 1000 1 4186 auto 1 1.000
1 100 0.000 1000 1 636 auto 256 0.000
1 100 0.100 1000 1 700 auto 256 0.000
1 100 0.200 1000 1 1161 auto 256 0.000
1 100 0.300 1000 1 2585 auto 256 1.000
1 100 0.400 1000 1 3037 auto 256 1.000
1 100 0.500 1000 1 3349 auto 256 1.000
1 100 0.600 1000 1 3569 auto 256 1.000
1 100 0.700 1000 1 3734 auto 256 1.000
1 100 0.800 1000 1 3839 auto 256 1.000
1 100 0.900 1000 1 3958 auto 256 1.000
1 100 1.000 1000 1 4199 auto 256 1.000
1 100 0.000 1000 1 636 auto 2 0.000
1 100 0.100 1000 1 696 auto 2 0.000
1 100 0.200 1000 1 1286 auto 2 0.000
1 100 0.300 1000 1 2580 auto 2 1.000
1 100 0.400 1000 1 3027 auto 2 1.000
1 100 0.500 1000 1 3343 auto 2 1.000
1 100 0.600 1000 1 3577 auto 2 1.000
1 100 0.700 1000 1 3732 auto 2 1.000
1 100 0.800 1000 1 3856 auto 2 1.000
1 100 0.900 1000 1 3957 auto 2 1.000
1 100 1.000 1000 1 4168 auto 2 1.000
1 100 0.000 1000 1 637 auto 4 0.000
1 100 0.100 1000 1 746 auto 4 0.000
1 100 0.200 1000 1 936 auto 4 0.000
1 100 0.300 1000 1 2583 auto 4 1.000
1 100 0.400 1000 1 3036 auto 4 1.000
1 100 0.500 1000 1 3340 auto 4 1.000
1 100 0.600 1000 1 3554 auto 4 1.000
1 100 0.700 1000 1 3719 auto 4 1.000
1 100 0.800 1000 1 3830 auto 4 1.000
1 100 0.900 1000 1 3955 auto 4 1.000
1 100 1.000 1000 1 4164 auto 4 1.000
1 100 0.000 1000 1 635 auto 512 0.000
1 100 0.100 1000 1 693 auto 512 0.000
1 100 0.200 1000 1 917 auto 512 0.000
1 100 0.300 1000 1 2584 auto 512 1.000
1 100 0.400 1000 1 3020 auto 512 1.000
1 100 0.500 1000 1 3332 auto 512 1.000
1 100 0.600 1000 1 3563 auto 512 1.000
1 100 0.700 1000 1 3718 auto 512 1.000
1 100 0.800 1000 1 3841 auto 512 1.000
1 100 0.900 1000 1 3952 auto 512 1.000
1 100 1.000 1000 1 4168 auto 512 1.000
1 100 0.000 1000 1 637 auto 8 0.000
1 100 0.100 1000 1 716 auto 8 0.000
1 100 0.200 1000 1 995 auto 8 0.000
1 100 0.300 1000 1 2593 auto 8 1.000
1 100 0.400 1000 1 3037 auto 8 1.000
1 100 0.500 1000 1 3341 auto 8 1.000
1 100 0.600 1000 1 3565 auto 8 1.000
1 100 0.700 1000 1 3723 auto 8 1.000
1 100 0.800 1000 1 3832 auto 8 1.000
1 100 0.900 1000 1 3956 auto 8 1.000
1 100 1.000 1000 1 4167 auto 8 1.000
1 100 0.000 1000 1 640 dynamic 1000 0.000
1 100 0.100 1000 1 708 dynamic 1000 0.000
1 100 0.200 1000 1 1032 dynamic 1000 0.000
1 100 0.300 1000 1 2586 dynamic 1000 1.000
1 100 0.400 1000 1 3033 dynamic 1000 1.000
1 100 0.500 1000 1 3353 dynamic 1000 1.000
1 100 0.600 1000 1 3582 dynamic 1000 1.000
1 100 0.700 1000 1 3748 dynamic 1000 1.000
1 100 0.800 1000 1 3841 dynamic 1000 1.000
1 100 0.900 1000 1 3954 dynamic 1000 1.000
1 100 1.000 1000 1 4181 dynamic 1000 1.000
1 100 0.000 1000 1 638 dynamic 128 0.000
1 100 0.100 1000 1 710 dynamic 128 0.000
1 100 0.200 1000 1 861 dynamic 128 0.000
1 100 0.300 1000 1 2576 dynamic 128 1.000
1 100 0.400 1000 1 3039 dynamic 128 1.000
1 100 0.500 1000 1 3349 dynamic 128 1.000
1 100 0.600 1000 1 3580 dynamic 128 1.000
1 100 0.700 1000 1 3727 dynamic 128 1.000
1 100 0.800 1000 1 3850 dynamic 128 1.000
1 100 0.900 1000 1 3971 dynamic 128 1.000
1 100 1.000 1000 1 4186 dynamic 128 1.000
1 100 0.000 1000 1 638 dynamic 1 0.000
1 100 0.100 1000 1 722 dynamic 1 0.000
1 100 0.200 1000 1 1001 dynamic 1 0.043
1 100 0.300 1000 1 2592 dynamic 1 1.000
1 100 0.400 1000 1 3038 dynamic 1 1.000
1 100 0.500 1000 1 3357 dynamic 1 1.000
1 100 0.600 1000 1 3568 dynamic 1 1.000
1 100 0.700 1000 1 3734 dynamic 1 1.000
1 100 0.800 1000 1 3869 dynamic 1 1.000
1 100 0.900 1000 1 3968 dynamic 1 1.000
1 100 1.000 1000 1 4188 dynamic 1 1.000
1 100 0.000 1000 1 638 dynamic 256 0.000
1 100 0.100 1000 1 698 dynamic 256 0.000
1 100 0.200 1000 1 1246 dynamic 256 0.550
1 100 0.300 1000 1 2580 dynamic 256 1.000
1 100 0.400 1000 1 3043 dynamic 256 1.000
1 100 0.500 1000 1 3346 dynamic 256 1.000
1 100 0.600 1000 1 3578 dynamic 256 1.000
1 100 0.700 1000 1 3728 dynamic 256 1.000
1 100 0.800 1000 1 3855 dynamic 256 1.000
1 100 0.900 1000 1 3965 dynamic 256 1.000
1 100 1.000 1000 1 4186 dynamic 256 1.000
1 100 0.000 1000 1 636 dynamic 2 0.000
1 100 0.100 1000 1 733 dynamic 2 0.000
1 100 0.200 1000 1 1162 dynamic 2 0.000
1 100 0.300 1000 1 2596 dynamic 2 1.000
1 100 0.400 1000 1 3038 dynamic 2 1.000
1 100 0.500 1000 1 3331 dynamic 2 1.000
1 100 0.600 1000 1 3582 dynamic 2 1.000
1 100 0.700 1000 1 3752 dynamic 2 1.000
1 100 0.800 1000 1 3864 dynamic 2 1.000
1 100 0.900 1000 1 3957 dynamic 2 1.000
1 100 1.000 1000 1 4182 dynamic 2 1.000
1 100 0.000 1000 1 646 dynamic 4 0.000
1 100 0.100 1000 1 707 dynamic 4 0.000
1 100 0.200 1000 1 927 dynamic 4 0.000
1 100 0.300 1000 1 2613 dynamic 4 1.000
1 100 0.400 1000 1 3054 dynamic 4 1.000
1 100 0.500 1000 1 3367 dynamic 4 1.000
1 100 0.600 1000 1 3599 dynamic 4 1.000
1 100 0.700 1000 1 3766 dynamic 4 1.000
1 100 0.800 1000 1 3885 dynamic 4 1.000
1 100 0.900 1000 1 3988 dynamic 4 1.000
1 100 1.000 1000 1 4220 dynamic 4 1.000
1 100 0.000 1000 1 638 dynamic 512 0.000
1 100 0.100 1000 1 706 dynamic 512 0.000
1 100 0.200 1000 1 867 dynamic 512 0.000
1 100 0.300 1000 1 2573 dynamic 512 1.000
1 100 0.400 1000 1 3034 dynamic 512 1.000
1 100 0.500 1000 1 3353 dynamic 512 1.000
1 100 0.600 1000 1 3579 dynamic 512 1.000
1 100 0.700 1000 1 3721 dynamic 512 1.000
1 100 0.800 1000 1 3858 dynamic 512 1.000
1 100 0.900 1000 1 3976 dynamic 512 1.000
1 100 1.000 1000 1 4202 dynamic 512 1.000
1 100 0.000 1000 1 636 dynamic 8 0.000
1 100 0.100 1000 1 694 dynamic 8 0.000
1 100 0.200 1000 1 1002 dynamic 8 0.000
1 100 0.300 1000 1 2589 dynamic 8 1.000
1 100 0.400 1000 1 3032 dynamic 8 1.000
1 100 0.500 1000 1 3359 dynamic 8 1.000
1 100 0.600 1000 1 3571 dynamic 8 1.000
1 100 0.700 1000 1 3747 dynamic 8 1.000
1 100 0.800 1000 1 3858 dynamic 8 1.000
1 100 0.900 1000 1 3948 dynamic 8 1.000
1 100 1.000 1000 1 4182 dynamic 8 1.000
1 100 0.000 1000 1 532 guided 1000 0.000
1 100 0.100 1000 1 579 guided 1000 0.000
1 100 0.200 1000 1 1027 guided 1000 0.000
1 100 0.300 1000 1 2088 guided 1000 1.000
1 100 0.400 1000 1 2460 guided 1000 1.000
1 100 0.500 1000 1 2693 guided 1000 1.000
1 100 0.600 1000 1 2817 guided 1000 1.000
1 100 0.700 1000 1 2910 guided 1000 1.000
1 100 0.800 1000 1 3001 guided 1000 1.000
1 100 0.900 1000 1 3066 guided 1000 1.000
1 100 1.000 1000 1 3243 guided 1000 1.000
1 100 0.000 1000 1 646 guided 128 0.000
1 100 0.100 1000 1 714 guided 128 0.000
1 100 0.200 1000 1 1194 guided 128 0.172
1 100 0.300 1000 1 2631 guided 128 1.000
1 100 0.400 1000 1 3070 guided 128 1.000
1 100 0.500 1000 1 3402 guided 128 1.000
1 100 0.600 1000 1 3631 guided 128 1.000
1 100 0.700 1000 1 3797 guided 128 1.000
1 100 0.800 1000 1 3901 guided 128 1.000
1 100 0.900 1000 1 3992 guided 128 1.000
1 100 1.000 1000 1 4245 guided 128 1.000
1 100 0.000 1000 1 636 guided 1 0.000
1 100 0.100 1000 1 694 guided 1 0.000
1 100 0.200 1000 1 970 guided 1 0.000
1 100 0.300 1000 1 2584 guided 1 1.000
1 100 0.400 1000 1 3017 guided 1 1.000
1 100 0.500 1000 1 3336 guided 1 1.000
1 100 0.600 1000 1 3564 guided 1 1.000
1 100 0.700 1000 1 3719 guided 1 1.000
1 100 0.800 1000 1 3841 guided 1 1.000
1 100 0.900 1000 1 3953 guided 1 1.000
1 100 1.000 1000 1 4170 guided 1 1.000
1 100 0.000 1000 1 637 guided 256 0.000
1 100 0.100 1000 1 701 guided 256 0.000
1 100 0.200 1000 1 1149 guided 256 0.000
1 100 0.300 1000 1 2569 guided 256 1.000
1 100 0.400 1000 1 3031 guided 256 1.000
1 100 0.500 1000 1 3339 guided 256 1.000
1 100 0.600 1000 1 3571 guided 256 1.000
1 100 0.700 1000 1 3733 guided 256 1.000
1 100 0.800 1000 1 3835 guided 256 1.000
1 100 0.900 1000 1 3946 guided 256 1.000
1 100 1.000 1000 1 4169 guided 256 1.000
1 100 0.000 1000 1 636 guided 2 0.000
1 100 0.100 1000 1 704 guided 2 0.000
1 100 0.200 1000 1 1220 guided 2 0.483
1 100 0.300 1000 1 2588 guided 2 1.000
1 100 0.400 1000 1 3019 guided 2 1.000
1 100 0.500 1000 1 3347 guided 2 1.000
1 100 0.600 1000 1 3564 guided 2 1.000
1 100 0.700 1000 1 3730 guided 2 1.000
1 100 0.800 1000 1 3843 guided 2 1.000
1 100 0.900 1000 1 3957 guided 2 1.000
1 100 1.000 1000 1 4173 guided 2 1.000
1 100 0.000 1000 1 658 guided 4 0.000
1 100 0.100 1000 1 735 guided 4 0.000
1 100 0.200 1000 1 1564 guided 4 0.877
1 100 0.300 1000 1 2629 guided 4 1.000
1 100 0.400 1000 1 3089 guided 4 1.000
1 100 0.500 1000 1 3434 guided 4 1.000
1 100 0.600 1000 1 3665 guided 4 1.000
1 100 0.700 1000 1 3820 guided 4 1.000
1 100 0.800 1000 1 3953 guided 4 1.000
1 100 0.900 1000 1 4022 guided 4 1.000
1 100 1.000 1000 1 4307 guided 4 1.000
1 100 0.000 1000 1 634 guided 512 0.000
1 100 0.100 1000 1 700 guided 512 0.000
1 100 0.200 1000 1 1254 guided 512 0.136
1 100 0.300 1000 1 2579 guided 512 1.000
1 100 0.400 1000 1 3028 guided 512 1.000
1 100 0.500 1000 1 3336 guided 512 1.000
1 100 0.600 1000 1 3569 guided 512 1.000
1 100 0.700 1000 1 3735 guided 512 1.000
1 100 0.800 1000 1 3855 guided 512 1.000
1 100 0.900 1000 1 3949 guided 512 1.000
1 100 1.000 1000 1 4170 guided 512 1.000
1 100 0.000 1000 1 650 guided 8 0.000
1 100 0.100 1000 1 718 guided 8 0.000
1 100 0.200 1000 1 1290 guided 8 0.705
1 100 0.300 1000 1 2616 guided 8 1.000
1 100 0.400 1000 1 3079 guided 8 1.000
1 100 0.500 1000 1 3424 guided 8 1.000
1 100 0.600 1000 1 3631 guided 8 1.000
1 100 0.700 1000 1 3806 guided 8 1.000
1 100 0.800 1000 1 3905 guided 8 1.000
1 100 0.900 1000 1 4020 guided 8 1.000
1 100 1.000 1000 1 4244 guided 8 1.000
1 100 0.000 1000 1 660 static 1000 0.000
1 100 0.100 1000 1 722 static 1000 0.000
1 100 0.200 1000 1 1266 static 1000 0.299
1 100 0.300 1000 1 2664 static 1000 1.000
1 100 0.400 1000 1 3119 static 1000 1.000
1 100 0.500 1000 1 3441 static 1000 1.000
1 100 0.600 1000 1 3678 static 1000 1.000
1 100 0.700 1000 1 3832 static 1000 1.000
1 100 0.800 1000 1 3951 static 1000 1.000
1 100 0.900 1000 1 4060 static 1000 1.000
1 100 1.000 1000 1 4297 static 1000 1.000
1 100 0.000 1000 1 671 static 128 0.000
1 100 0.100 1000 1 734 static 128 0.000
1 100 0.200 1000 1 1390 static 128 0.000
1 100 0.300 1000 1 2688 static 128 1.000
1 100 0.400 1000 1 3107 static 128 1.000
1 100 0.500 1000 1 3452 static 128 1.000
1 100 0.600 1000 1 3669 static 128 1.000
1 100 0.700 1000 1 3844 static 128 1.000
1 100 0.800 1000 1 3972 static 128 1.000
1 100 0.900 1000 1 4085 static 128 1.000
1 100 1.000 1000 1 4276 static 128 1.000
1 100 0.000 1000 1 640 static 1 0.000
1 100 0.100 1000 1 698 static 1 0.000
1 100 0.200 1000 1 1047 static 1 0.000
1 100 0.300 1000 1 2577 static 1 1.000
1 100 0.400 1000 1 3044 static 1 1.000
1 100 0.500 1000 1 3353 static 1 1.000
1 100 0.600 1000 1 3580 static 1 1.000
1 100 0.700 1000 1 3738 static 1 1.000
1 100 0.800 1000 1 3845 static 1 1.000
1 100 0.900 1000 1 3968 static 1 1.000
1 100 1.000 1000 1 4186 static 1 1.000
1 100 0.000 1000 1 649 static 256 0.000
1 100 0.100 1000 1 724 static 256 0.000
1 100 0.200 1000 1 1137 static 256 0.000
1 100 0.300 1000 1 2636 static 256 1.000
1 100 0.400 1000 1 3086 static 256 1.000
1 100 0.500 1000 1 3408 static 256 1.000
1 100 0.600 1000 1 3648 static 256 1.000
1 100 0.700 1000 1 3796 static 256 1.000
1 100 0.800 1000 1 3910 static 256 1.000
1 100 0.900 1000 1 4045 static 256 1.000
1 100 1.000 1000 1 4264 static 256 1.000
1 100 0.000 1000 1 638 static 2 0.000
1 100 0.100 1000 1 699 static 2 0.000
1 100 0.200 1000 1 1515 static 2 0.985
1 100 0.300 1000 1 2566 static 2 1.000
1 100 0.400 1000 1 3036 static 2 1.000
1 100 0.500 1000 1 3353 static 2 1.000
1 100 0.600 1000 1 3585 static 2 1.000
1 100 0.700 1000 1 3733 static 2 1.000
1 100 0.800 1000 1 3848 static 2 1.000
1 100 0.900 1000 1 3975 static 2 1.000
1 100 1.000 1000 1 4182 static 2 1.000
1 100 0.000 1000 1 642 static 4 0.000
1 100 0.100 1000 1 725 static 4 0.000
1 100 0.200 1000 1 1438 static 4 0.670
1 100 0.300 1000 1 2612 static 4 1.000
1 100 0.400 1000 1 3011 static 4 1.000
1 100 0.500 1000 1 3348 static 4 1.000
1 100 0.600 1000 1 3593 static 4 1.000
1 100 0.700 1000 1 3747 static 4 1.000
1 100 0.800 1000 1 3885 static 4 1.000
1 100 0.900 1000 1 3971 static 4 1.000
1 100 1.000 1000 1 4215 static 4 1.000
1 100 0.000 1000 1 666 static 512 0.000
1 100 0.100 1000 1 737 static 512 0.000
1 100 0.200 1000 1 1164 static 512 0.000
1 100 0.300 1000 1 2689 static 512 1.000
1 100 0.400 1000 1 3129 static 512 1.000
1 100 0.500 1000 1 3446 static 512 1.000
1 100 0.600 1000 1 3670 static 512 1.000
1 100 0.700 1000 1 3842 static 512 1.000
1 100 0.800 1000 1 3941 static 512 1.000
1 100 0.900 1000 1 4068 static 512 1.000
1 100 1.000 1000 1 4304 static 512 1.000
1 100 0.000 1000 1 642 static 8 0.000
1 100 0.100 1000 1 698 static 8 0.000
1 100 0.200 1000 1 1254 static 8 0.340
1 100 0.300 1000 1 2616 static 8 1.000
1 100 0.400 1000 1 3029 static 8 1.000
1 100 0.500 1000 1 3347 static 8 1.000
1 100 0.600 1000 1 3577 static 8 1.000
1 100 0.700 1000 1 3741 static 8 1.000
1 100 0.800 1000 1 3865 static 8 1.000
1 100 0.900 1000 1 3973 static 8 1.000
1 100 1.000 1000 1 4187 static 8 1.000
1 100 0.000 1000 2 325 auto 128 0.000
1 100 0.100 1000 2 365 auto 128 0.000
1 100 0.200 1000 2 836 auto 128 0.497
1 100 0.300 1000 2 1637 auto 128 1.000
1 100 0.400 1000 2 1918 auto 128 1.000
1 100 0.500 1000 2 2127 auto 128 1.000
1 100 0.600 1000 2 2274 auto 128 1.000
1 100 0.700 1000 2 2377 auto 128 1.000
1 100 0.800 1000 2 2454 auto 128 1.000
1 100 0.900 1000 2 2518 auto 128 1.000
1 100 1.000 1000 2 2610 auto 128 1.000
1 100 0.000 1000 2 325 auto 1 0.000
1 100 0.100 1000 2 366 auto 1 0.000
1 100 0.200 1000 2 746 auto 1 0.000
1 100 0.300 1000 2 1634 auto 1 1.000
1 100 0.400 1000 2 1917 auto 1 1.000
1 100 0.500 1000 2 2121 auto 1 1.000
1 100 0.600 1000 2 2271 auto 1 1.000
1 100 0.700 1000 2 2380 auto 1 1.000
1 100 0.800 1000 2 2458 auto 1 1.000
1 100 0.900 1000 2 2522 auto 1 1.000
1 100 1.000 1000 2 2609 auto 1 1.000
1 100 0.000 1000 2 325 auto 256 0.000
1 100 0.100 1000 2 360 auto 256 0.000
1 100 0.200 1000 2 835 auto 256 0.452
1 100 0.300 1000 2 1625 auto 256 1.000
1 100 0.400 1000 2 1929 auto 256 1.000
1 100 0.500 1000 2 2116 auto 256 1.000
1 100 0.600 1000 2 2269 auto 256 1.000
1 100 0.700 1000 2 2376 auto 256 1.000
1 100 0.800 1000 2 2462 auto 256 1.000
1 100 0.900 1000 2 2528 auto 256 1.000
1 100 1.000 1000 2 2613 auto 256 1.000
1 100 0.000 1000 2 323 auto 2 0.000
1 100 0.100 1000 2 382 auto 2 0.000
1 100 0.200 1000 2 570 auto 2 0.000
1 100 0.300 1000 2 1638 auto 2 1.000
1 100 0.400 1000 2 1918 auto 2 1.000
1 100 0.500 1000 2 2124 auto 2 1.000
1 100 0.600 1000 2 2271 auto 2 1.000
1 100 0.700 1000 2 2377 auto 2 1.000
1 100 0.800 1000 2 2452 auto 2 1.000
1 100 0.900 1000 2 2513 auto 2 1.000
1 100 1.000 1000 2 2608 auto 2 1.000
1 100 0.000 1000 2 324 auto 4 0.000
1 100 0.100 1000 2 362 auto 4 0.000
1 100 0.200 1000 2 669 auto 4 0.000
1 100 0.300 1000 2 1632 auto 4 1.000
1 100 0.400 1000 2 1921 auto 4 1.000
1 100 0.500 1000 2 2123 auto 4 1.000
1 100 0.600 1000 2 2262 auto 4 1.000
1 100 0.700 1000 2 2378 auto 4 1.000
1 100 0.800 1000 2 2454 auto 4 1.000
1 100 0.900 1000 2 2523 auto 4 1.000
1 100 1.000 1000 2 2610 auto 4 1.000
1 100 0.000 1000 2 328 auto 500 0.000
1 100 0.100 1000 2 360 auto 500 0.000
1 100 0.200 1000 2 485 auto 500 0.000
1 100 0.300 1000 2 1625 auto 500 1.000
1 100 0.400 1000 2 1926 auto 500 1.000
1 100 0.500 1000 2 2136 auto 500 1.000
1 100 0.600 1000 2 2302 auto 500 1.000
1 100 0.700 1000 2 2390 auto 500 1.000
1 100 0.800 1000 2 2464 auto 500 1.000
1 100 0.900 1000 2 2527 auto 500 1.000
1 100 1.000 1000 2 2618 auto 500 1.000
1 100 0.000 1000 2 324 auto 64 0.000
1 100 0.100 1000 2 356 auto 64 0.000
1 100 0.200 1000 2 650 auto 64 0.000
1 100 0.300 1000 2 1638 auto 64 1.000
1 100 0.400 1000 2 1918 auto 64 1.000
1 100 0.500 1000 2 2124 auto 64 1.000
1 100 0.600 1000 2 2271 auto 64 1.000
1 100 0.700 1000 2 2374 auto 64 1.000
1 100 0.800 1000 2 2454 auto 64 1.000
1 100 0.900 1000 2 2518 auto 64 1.000
1 100 1.000 1000 2 2611 auto 64 1.000
1 100 0.000 1000 2 326 auto 8 0.000
1 100 0.100 1000 2 379 auto 8 0.000
1 100 0.200 1000 2 566 auto 8 0.000
1 100 0.300 1000 2 1624 auto 8 1.000
1 100 0.400 1000 2 1923 auto 8 1.000
1 100 0.500 1000 2 2121 auto 8 1.000
1 100 0.600 1000 2 2272 auto 8 1.000
1 100 0.700 1000 2 2380 auto 8 1.000
1 100 0.800 1000 2 2459 auto 8 1.000
1 100 0.900 1000 2 2516 auto 8 1.000
1 100 1.000 1000 2 2610 auto 8 1.000
1 100 0.000 1000 2 332 dynamic 128 0.000
1 100 0.100 1000 2 367 dynamic 128 0.000
1 100 0.200 1000 2 768 dynamic 128 0.361
1 100 0.300 1000 2 1671 dynamic 128 1.000
1 100 0.400 1000 2 1951 dynamic 128 1.000
1 100 0.500 1000 2 2159 dynamic 128 1.000
1 100 0.600 1000 2 2309 dynamic 128 1.000
1 100 0.700 1000 2 2426 dynamic 128 1.000
1 100 0.800 1000 2 2488 dynamic 128 1.000
1 100 0.900 1000 2 2562 dynamic 128 1.000
1 100 1.000 1000 2 2665 dynamic 128 1.000
1 100 0.000 1000 2 270 dynamic 1 0.000
1 100 0.100 1000 2 302 dynamic 1 0.000
1 100 0.200 1000 2 580 dynamic 1 0.416
1 100 0.300 1000 2 1332 dynamic 1 1.000
1 100 0.400 1000 2 1548 dynamic 1 1.000
1 100 0.500 1000 2 1718 dynamic 1 1.000
1 100 0.600 1000 2 1833 dynamic 1 1.000
1 100 0.700 1000 2 1919 dynamic 1 1.000
1 100 0.800 1000 2 1978 dynamic 1 1.000
1 100 0.900 1000 2 2023 dynamic 1 1.000
1 100 1.000 1000 2 2099 dynamic 1 1.000
1 100 0.000 1000 2 331 dynamic 256 0.000
1 100 0.100 1000 2 364 dynamic 256 0.000
1 100 0.200 1000 2 675 dynamic 256 0.000
1 100 0.300 1000 2 1658 dynamic 256 1.000
1 100 0.400 1000 2 1966 dynamic 256 1.000
1 100 0.500 1000 2 2150 dynamic 256 1.000
1 100 0.600 1000 2 2313 dynamic 256 1.000
1 100 0.700 1000 2 2426 dynamic 256 1.000
1 100 0.800 1000 2 2506 dynamic 256 1.000
1 100 0.900 1000 2 2573 dynamic 256 1.000
1 100 1.000 1000 2 2654 dynamic 256 1.000
1 100 0.000 1000 2 326 dynamic 2 0.000
1 100 0.100 1000 2 365 dynamic 2 0.000
1 100 0.200 1000 2 505 dynamic 2 0.000
1 100 0.300 1000 2 1632 dynamic 2 1.000
1 100 0.400 1000 2 1922 dynamic 2 1.000
1 100 0.500 1000 2 2123 dynamic 2 1.000
1 100 0.600 1000 2 2261 dynamic 2 1.000
1 100 0.700 1000 2 2370 dynamic 2 1.000
1 100 0.800 1000 2 2447 dynamic 2 1.000
1 100 0.900 1000 2 2511 dynamic 2 1.000
1 100 1.000 1000 2 2601 dynamic 2 1.000
1 100 0.000 1000 2 326 dynamic 4 0.000
1 100 0.100 1000 2 361 dynamic 4 0.000
1 100 0.200 1000 2 720 dynamic 4 1.000
1 100 0.300 1000 2 1623 dynamic 4 1.000
1 100 0.400 1000 2 1914 dynamic 4 1.000
1 100 0.500 1000 2 2130 dynamic 4 1.000
1 100 0.600 1000 2 2272 dynamic 4 1.000
1 100 0.700 1000 2 2373 dynamic 4 1.000
1 100 0.800 1000 2 2453 dynamic 4 1.000
1 100 0.900 1000 2 2522 dynamic 4 1.000
1 100 1.000 1000 2 2611 dynamic 4 1.000
1 100 0.000 1000 2 326 dynamic 500 0.000
1 100 0.100 1000 2 374 dynamic 500 0.000
1 100 0.200 1000 2 806 dynamic 500 0.500
1 100 0.300 1000 2 1636 dynamic 500 1.000
1 100 0.400 1000 2 1931 dynamic 500 1.000
1 100 0.500 1000 2 2133 dynamic 500 1.000
1 100 0.600 1000 2 2274 dynamic 500 1.000
1 100 0.700 1000 2 2382 dynamic 500 1.000
1 100 0.800 1000 2 2460 dynamic 500 1.000
1 100 0.900 1000 2 2520 dynamic 500 1.000
1 100 1.000 1000 2 2614 dynamic 500 1.000
1 100 0.000 1000 2 334 dynamic 64 0.000
1 100 0.100 1000 2 369 dynamic 64 0.000
1 100 0.200 1000 2 489 dynamic 64 0.000
1 100 0.300 1000 2 1658 dynamic 64 1.000
1 100 0.400 1000 2 1942 dynamic 64 1.000
1 100 0.500 1000 2 2163 dynamic 64 1.000
1 100 0.600 1000 2 2308 dynamic 64 1.000
1 100 0.700 1000 2 2425 dynamic 64 1.000
1 100 0.800 1000 2 2491 dynamic 64 1.000
1 100 0.900 1000 2 2565 dynamic 64 1.000
1 100 1.000 1000 2 2654 dynamic 64 1.000
1 100 0.000 1000 2 327 dynamic 8 0.000
1 100 0.100 1000 2 365 dynamic 8 0.000
1 100 0.200 1000 2 626 dynamic 8 0.384
1 100 0.300 1000 2 1630 dynamic 8 1.000
1 100 0.400 1000 2 1912 dynamic 8 1.000
1 100 0.500 1000 2 2116 dynamic 8 1.000
1 100 0.600 1000 2 2280 dynamic 8 1.000
1 100 0.700 1000 2 2376 dynamic 8 1.000
1 100 0.800 1000 2 2456 dynamic 8 1.000
1 100 0.900 1000 2 2523 dynamic 8 1.000
1 100 1.000 1000 2 2614 dynamic 8 1.000
1 100 0.000 1000 2 325 guided 128 0.000
1 100 0.100 1000 2 370 guided 128 0.000
1 100 0.200 1000 2 850 guided 128 0.000
1 100 0.300 1000 2 1636 guided 128 1.000
1 100 0.400 1000 2 1919 guided 128 1.000
1 100 0.500 1000 2 2129 guided 128 1.000
1 100 0.600 1000 2 2287 guided 128 1.000
1 100 0.700 1000 2 2383 guided 128 1.000
1 100 0.800 1000 2 2459 guided 128 1.000
1 100 0.900 1000 2 2524 guided 128 1.000
1 100 1.000 1000 2 2618 guided 128 1.000
1 100 0.000 1000 2 326 guided 1 0.000
1 100 0.100 1000 2 354 guided 1 0.000
1 100 0.200 1000 2 483 guided 1 0.000
1 100 0.300 1000 2 1635 guided 1 1.000
1 100 0.400 1000 2 1914 guided 1 1.000
1 100 0.500 1000 2 2123 guided 1 1.000
1 100 0.600 1000 2 2279 guided 1 1.000
1 100 0.700 1000 2 2380 guided 1 1.000
1 100 0.800 1000 2 2458 guided 1 1.000
1 100 0.900 1000 2 2532 guided 1 1.000
1 100 1.000 1000 2 2617 guided 1 1.000
1 100 0.000 1000 2 325 guided 256 0.000
1 100 0.100 1000 2 371 guided 256 0.000
1 100 0.200 1000 2 515 guided 256 0.000
1 100 0.300 1000 2 1653 guided 256 1.000
1 100 0.400 1000 2 1923 guided 256 1.000
1 100 0.500 1000 2 2133 guided 256 1.000
1 100 0.600 1000 2 2273 guided 256 1.000
1 100 0.700 1000 2 2385 guided 256 1.000
1 100 0.800 1000 2 2454 guided 256 1.000
1 100 0.900 1000 2 2536 guided 256 1.000
1 100 1.000 1000 2 2619 guided 256 1.000
1 100 0.000 1000 2 330 guided 2 0.000
1 100 0.100 1000 2 362 guided 2 0.000
1 100 0.200 1000 2 1013 guided 2 1.000
1 100 0.300 1000 2 1666 guided 2 1.000
1 100 0.400 1000 2 1948 guided 2 1.000
1 100 0.500 1000 2 2156 guided 2 1.000
1 100 0.600 1000 2 2311 guided 2 1.000
1 100 0.700 1000 2 2418 guided 2 1.000
1 100 0.800 1000 2 2498 guided 2 1.000
1 100 0.900 1000 2 2554 guided 2 1.000
1 100 1.000 1000 2 2663 guided 2 1.000
1 100 0.000 1000 2 333 guided 4 0.000
1 100 0.100 1000 2 365 guided 4 0.000
1 100 0.200 1000 2 554 guided 4 0.000
1 100 0.300 1000 2 1672 guided 4 1.000
1 100 0.400 1000 2 1946 guided 4 1.000
1 100 0.500 1000 2 2166 guided 4 1.000
1 100 0.600 1000 2 2311 guided 4 1.000
1 100 0.700 1000 2 2420 guided 4 1.000
1 100 0.800 1000 2 2508 guided 4 1.000
1 100 0.900 1000 2 2570 guided 4 1.000
1 100 1.000 1000 2 2668 guided 4 1.000
1 100 0.000 1000 2 270 guided 500 0.000
1 100 0.100 1000 2 301 guided 500 0.000
1 100 0.200 1000 2 605 guided 500 0.000
1 100 0.300 1000 2 1316 guided 500 1.000
1 100 0.400 1000 2 1556 guided 500 1.000
1 100 0.500 1000 2 1715 guided 500 1.000
1 100 0.600 1000 2 1834 guided 500 1.000
1 100 0.700 1000 2 1923 guided 500 1.000
1 100 0.800 1000 2 1980 guided 500 1.000
1 100 0.900 1000 2 2031 guided 500 1.000
1 100 1.000 1000 2 2100 guided 500 1.000
1 100 0.000 1000 2 325 guided 64 0.000
1 100 0.100 1000 2 370 guided 64 0.000
1 100 0.200 1000 2 621 guided 64 0.000
1 100 0.300 1000 2 1641 guided 64 1.000
1 100 0.400 1000 2 1927 guided 64 1.000
1 100 0.500 1000 2 2131 guided 64 1.000
1 100 0.600 1000 2 2274 guided 64 1.000
1 100 0.700 1000 2 2382 guided 64 1.000
1 100 0.800 1000 2 2460 guided 64 1.000
1 100 0.900 1000 2 2525 guided 64 1.000
1 100 1.000 1000 2 2622 guided 64 1.000
1 100 0.000 1000 2 327 guided 8 0.000
1 100 0.100 1000 2 358 guided 8 0.000
1 100 0.200 1000 2 929 guided 8 0.508
1 100 0.300 1000 2 1637 guided 8 1.000
1 100 0.400 1000 2 1924 guided 8 1.000
1 100 0.500 1000 2 2128 guided 8 1.000
1 100 0.600 1000 2 2281 guided 8 1.000
1 100 0.700 1000 2 2380 guided 8 1.000
1 100 0.800 1000 2 2464 guided 8 1.000
1 100 0.900 1000 2 2527 guided 8 1.000
1 100 1.000 1000 2 2618 guided 8 1.000
1 100 0.000 1000 2 340 static 128 0.000
1 100 0.100 1000 2 382 static 128 0.000
1 100 0.200 1000 2 636 static 128 0.000
1 100 0.300 1000 2 1693 static 128 1.000
1 100 0.400 1000 2 1992 static 128 1.000
1 100 0.500 1000 2 2204 static 128 1.000
1 100 0.600 1000 2 2346 static 128 1.000
1 100 0.700 1000 2 2472 static 128 1.000
1 100 0.800 1000 2 2535 static 128 1.000
1 100 0.900 1000 2 2629 static 128 1.000
1 100 1.000 1000 2 2724 static 128 1.000
1 100 0.000 1000 2 332 static 1 0.000
1 100 0.100 1000 2 367 static 1 0.000
1 100 0.200 1000 2 677 static 1 0.000
1 100 0.300 1000 2 1640 static 1 1.000
1 100 0.400 1000 2 1914 static 1 1.000
1 100 0.500 1000 2 2133 static 1 1.000
1 100 0.600 1000 2 2282 static 1 1.000
1 100 0.700 1000 2 2404 static 1 1.000
1 100 0.800 1000 2 2455 static 1 1.000
1 100 0.900 1000 2 2535 static 1 1.000
1 100 1.000 1000 2 2624 static 1 1.000
1 100 0.000 1000 2 340 static 256 0.000
1 100 0.100 1000 2 372 static 256 0.000
1 100 0.200 1000 2 905 static 256 0.489
1 100 0.300 1000 2 1697 static 256 1.000
1 100 0.400 1000 2 1981 static 256 1.000
1 100 0.500 1000 2 2194 static 256 1.000
1 100 0.600 1000 2 2348 static 256 1.000
1 100 0.700 1000 2 2454 static 256 1.000
1 100 0.800 1000 2 2544 static 256 1.000
1 100 0.900 1000 2 2618 static 256 1.000
1 100 1.000 1000 2 2706 static 256 1.000
1 100 0.000 1000 2 324 static 2 0.000
1 100 0.100 1000 2 366 static 2 0.000
1 100 0.200 1000 2 680 static 2 0.000
1 100 0.300 1000 2 1624 static 2 1.000
1 100 0.400 1000 2 1913 static 2 1.000
1 100 0.500 1000 2 2128 static 2 1.000
1 100 0.600 1000 2 2276 static 2 1.000
1 100 0.700 1000 2 2381 static 2 1.000
1 100 0.800 1000 2 2453 static 2 1.000
1 100 0.900 1000 2 2524 static 2 1.000
1 100 1.000 1000 2 2608 static 2 1.000
1 100 0.000 1000 2 324 static 4 0.000
1 100 0.100 1000 2 362 static 4 0.000
1 100 0.200 1000 2 841 static 4 0.301
1 100 0.300 1000 2 1631 static 4 1.000
1 100 0.400 1000 2 1922 static 4 1.000
1 100 0.500 1000 2 2124 static 4 1.000
1 100 0.600 1000 2 2262 static 4 1.000
1 100 0.700 1000 2 2376 static 4 1.000
1 100 0.800 1000 2 2460 static 4 1.000
1 100 0.900 1000 2 2521 static 4 1.000
1 100 1.000 1000 2 2608 static 4 1.000
1 100 0.000 1000 2 269 static 500 0.000
1 100 0.100 1000 2 301 static 500 0.000
1 100 0.200 1000 2 512 static 500 0.000
1 100 0.300 1000 2 1318 static 500 1.000
1 100 0.400 1000 2 1556 static 500 1.000
1 100 0.500 1000 2 1711 static 500 1.000
1 100 0.600 1000 2 1837 static 500 1.000
1 100 0.700 1000 2 1932 static 500 1.000
1 100 0.800 1000 2 1979 static 500 1.000
1 100 0.900 1000 2 2033 static 500 1.000
1 100 1.000 1000 2 2101 static 500 1.000
1 100 0.000 1000 2 344 static 64 0.000
1 100 0.100 1000 2 371 static 64 0.000
1 100 0.200 1000 2 721 static 64 0.000
1 100 0.300 1000 2 1718 static 64 1.000
1 100 0.400 1000 2 1994 static 64 1.000
1 100 0.500 1000 2 2211 static 64 1.000
1 100 0.600 1000 2 2367 static 64 1.000
1 100 0.700 1000 2 2478 static 64 1.000
1 100 0.800 1000 2 2558 static 64 1.000
1 100 0.900 1000 2 2617 static 64 1.000
1 100 1.000 1000 2 2739 static 64 1.000
1 100 0.000 1000 2 328 static 8 0.000
1 100 0.100 1000 2 382 static 8 0.000
1 100 0.200 1000 2 767 static 8 0.744
1 100 0.300 1000 2 1635 static 8 1.000
1 100 0.400 1000 2 1921 static 8 1.000
1 100 0.500 1000 2 2119 static 8 1.000
1 100 0.600 1000 2 2277 static 8 1.000
1 100 0.700 1000 2 2381 static 8 1.000
1 100 0.800 1000 2 2463 static 8 1.000
1 100 0.900 1000 2 2526 static 8 1.000
1 100 1.000 1000 2 2623 static 8 1.000
1 100 0.000 1000 4 173 auto 128 0.000
1 100 0.100 1000 4 182 auto 128 0.000
1 100 0.200 1000 4 483 auto 128 0.000
1 100 0.300 1000 4 834 auto 128 1.000
1 100 0.400 1000 4 974 auto 128 1.000
1 100 0.500 1000 4 1079 auto 128 1.000
1 100 0.600 1000 4 1155 auto 128 1.000
1 100 0.700 1000 4 1209 auto 128 1.000
1 100 0.800 1000 4 1246 auto 128 1.000
1 100 0.900 1000 4 1277 auto 128 1.000
1 100 1.000 1000 4 1325 auto 128 1.000
1 100 0.000 1000 4 169 auto 1 0.000
1 100 0.100 1000 4 183 auto 1 0.000
1 100 0.200 1000 4 463 auto 1 0.250
1 100 0.300 1000 4 835 auto 1 1.000
1 100 0.400 1000 4 986 auto 1 1.000
1 100 0.500 1000 4 1085 auto 1 1.000
1 100 0.600 1000 4 1159 auto 1 1.000
1 100 0.700 1000 4 1214 auto 1 1.000
1 100 0.800 1000 4 1257 auto 1 1.000
1 100 0.900 1000 4 1280 auto 1 1.000
1 100 1.000 1000 4 1328 auto 1 1.000
1 100 0.000 1000 4 168 auto 250 0.000
1 100 0.100 1000 4 182 auto 250 0.000
1 100 0.200 1000 4 509 auto 250 0.702
1 100 0.300 1000 4 832 auto 250 1.000
1 100 0.400 1000 4 974 auto 250 1.000
1 100 0.500 1000 4 1078 auto 250 1.000
1 100 0.600 1000 4 1154 auto 250 1.000
1 100 0.700 1000 4 1203 auto 250 1.000
1 100 0.800 1000 4 1243 auto 250 1.000
1 100 0.900 1000 4 1279 auto 250 1.000
1 100 1.000 1000 4 1322 auto 250 1.000
1 100 0.000 1000 4 167 auto 2 0.000
1 100 0.100 1000 4 189 auto 2 0.000
1 100 0.200 1000 4 390 auto 2 0.000
1 100 0.300 1000 4 839 auto 2 1.000
1 100 0.400 1000 4 977 auto 2 1.000
1 100 0.500 1000 4 1077 auto 2 1.000
1 100 0.600 1000 4 1155 auto 2 1.000
1 100 0.700 1000 4 1204 auto 2 1.000
1 100 0.800 1000 4 1242 auto 2 1.000
1 100 0.900 1000 4 1277 auto 2 1.000
1 100 1.000 1000 4 1319 auto 2 1.000
1 100 0.000 1000 4 168 auto 32 0.000
1 100 0.100 1000 4 186 auto 32 0.000
1 100 0.200 1000 4 401 auto 32 0.250
1 100 0.300 1000 4 843 auto 32 1.000
1 100 0.400 1000 4 989 auto 32 1.000
1 100 0.500 1000 4 1084 auto 32 1.000
1 100 0.600 1000 4 1156 auto 32 1.000
1 100 0.700 1000 4 1206 auto 32 1.000
1 100 0.800 1000 4 1247 auto 32 1.000
1 100 0.900 1000 4 1277 auto 32 1.000
1 100 1.000 1000 4 1327 auto 32 1.000
1 100 0.000 1000 4 165 auto 4 0.000
1 100 0.100 1000 4 186 auto 4 0.000
1 100 0.200 1000 4 377 auto 4 0.000
1 100 0.300 1000 4 840 auto 4 1.000
1 100 0.400 1000 4 982 auto 4 1.000
1 100 0.500 1000 4 1099 auto 4 1.000
1 100 0.600 1000 4 1155 auto 4 1.000
1 100 0.700 1000 4 1207 auto 4 1.000
1 100 0.800 1000 4 1255 auto 4 1.000
1 100 0.900 1000 4 1277 auto 4 1.000
1 100 1.000 1000 4 1321 auto 4 1.000
1 100 0.000 1000 4 166 auto 64 0.000
1 100 0.100 1000 4 194 auto 64 0.000
1 100 0.200 1000 4 261 auto 64 0.000
1 100 0.300 1000 4 840 auto 64 1.000
1 100 0.400 1000 4 978 auto 64 1.000
1 100 0.500 1000 4 1075 auto 64 1.000
1 100 0.600 1000 4 1151 auto 64 1.000
1 100 0.700 1000 4 1207 auto 64 1.000
1 100 0.800 1000 4 1240 auto 64 1.000
1 100 0.900 1000 4 1277 auto 64 1.000
1 100 1.000 1000 4 1320 auto 64 1.000
1 100 0.000 1000 4 167 auto 8 0.000
1 100 0.100 1000 4 185 auto 8 0.000
1 100 0.200 1000 4 481 auto 8 0.250
1 100 0.300 1000 4 831 auto 8 1.000
1 100 0.400 1000 4 973 auto 8 1.000
1 100 0.500 1000 4 1076 auto 8 1.000
1 100 0.600 1000 4 1155 auto 8 1.000
1 100 0.700 1000 4 1209 auto 8 1.000
1 100 0.800 1000 4 1245 auto 8 1.000
1 100 0.900 1000 4 1276 auto 8 1.000
1 100 1.000 1000 4 1321 auto 8 1.000
1 100 0.000 1000 4 170 dynamic 128 0.000
1 100 0.100 1000 4 185 dynamic 128 0.000
1 100 0.200 1000 4 444 dynamic 128 0.222
1 100 0.300 1000 4 846 dynamic 128 1.000
1 100 0.400 1000 4 1001 dynamic 128 1.000
1 100 0.500 1000 4 1111 dynamic 128 1.000
1 100 0.600 1000 4 1183 dynamic 128 1.000
1 100 0.700 1000 4 1238 dynamic 128 1.000
1 100 0.800 1000 4 1273 dynamic 128 1.000
1 100 0.900 1000 4 1304 dynamic 128 1.000
1 100 1.000 1000 4 1350 dynamic 128 1.000
1 100 0.000 1000 4 164 dynamic 1 0.000
1 100 0.100 1000 4 181 dynamic 1 0.000
1 100 0.200 1000 4 293 dynamic 1 0.000
1 100 0.300 1000 4 828 dynamic 1 1.000
1 100 0.400 1000 4 974 dynamic 1 1.000
1 100 0.500 1000 4 1075 dynamic 1 1.000
1 100 0.600 1000 4 1151 dynamic 1 1.000
1 100 0.700 1000 4 1204 dynamic 1 1.000
1 100 0.800 1000 4 1243 dynamic 1 1.000
1 100 0.900 1000 4 1272 dynamic 1 1.000
1 100 1.000 1000 4 1321 dynamic 1 1.000
1 100 0.000 1000 4 166 dynamic 250 0.000
1 100 0.100 1000 4 184 dynamic 250 0.000
1 100 0.200 1000 4 345 dynamic 250 0.000
1 100 0.300 1000 4 838 dynamic 250 1.000
1 100 0.400 1000 4 970 dynamic 250 1.000
1 100 0.500 1000 4 1084 dynamic 250 1.000
1 100 0.600 1000 4 1150 dynamic 250 1.000
1 100 0.700 1000 4 1209 dynamic 250 1.000
1 100 0.800 1000 4 1245 dynamic 250 1.000
1 100 0.900 1000 4 1278 dynamic 250 1.000
1 100 1.000 1000 4 1321 dynamic 250 1.000
1 100 0.000 1000 4 165 dynamic 2 0.000
1 100 0.100 1000 4 184 dynamic 2 0.000
1 100 0.200 1000 4 322 dynamic 2 0.000
1 100 0.300 1000 4 838 dynamic 2 1.000
1 100 0.400 1000 4 983 dynamic 2 1.000
1 100 0.500 1000 4 1078 dynamic 2 1.000
1 100 0.600 1000 4 1151 dynamic 2 1.000
1 100 0.700 1000 4 1209 dynamic 2 1.000
1 100 0.800 1000 4 1253 dynamic 2 1.000
1 100 0.900 1000 4 1274 dynamic 2 1.000
1 100 1.000 1000 4 1324 dynamic 2 1.000
1 100 0.000 1000 4 171 dynamic 32 0.000
1 100 0.100 1000 4 188 dynamic 32 0.000
1 100 0.200 1000 4 308 dynamic 32 0.000
1 100 0.300 1000 4 857 dynamic 32 1.000
1 100 0.400 1000 4 999 dynamic 32 1.000
1 100 0.500 1000 4 1106 dynamic 32 1.000
1 100 0.600 1000 4 1178 dynamic 32 1.000
1 100 0.700 1000 4 1232 dynamic 32 1.000
1 100 0.800 1000 4 1274 dynamic 32 1.000
1 100 0.900 1000 4 1307 dynamic 32 1.000
1 100 1.000 1000 4 1353 dynamic 32 1.000
1 100 0.000 1000 4 168 dynamic 4 0.000
1 100 0.100 1000 4 183 dynamic 4 0.000
1 100 0.200 1000 4 379 dynamic 4 0.437
1 100 0.300 1000 4 837 dynamic 4 1.000
1 100 0.400 1000 4 978 dynamic 4 1.000
1 100 0.500 1000 4 1079 dynamic 4 1.000
1 100 0.600 1000 4 1157 dynamic 4 1.000
1 100 0.700 1000 4 1217 dynamic 4 1.000
1 100 0.800 1000 4 1252 dynamic 4 1.000
1 100 0.900 1000 4 1285 dynamic 4 1.000
1 100 1.000 1000 4 1330 dynamic 4 1.000
1 100 0.000 1000 4 169 dynamic 64 0.000
1 100 0.100 1000 4 187 dynamic 64 0.000
1 100 0.200 1000 4 371 dynamic 64 0.000
1 100 0.300 1000 4 849 dynamic 64 1.000
1 100 0.400 1000 4 1005 dynamic 64 1.000
1 100 0.500 1000 4 1101 dynamic 64 1.000
1 100 0.600 1000 4 1183 dynamic 64 1.000
1 100 0.700 1000 4 1231 dynamic 64 1.000
1 100 0.800 1000 4 1273 dynamic 64 1.000
1 100 0.900 1000 4 1304 dynamic 64 1.000
1 100 1.000 1000 4 1356 dynamic 64 1.000
1 100 0.000 1000 4 168 dynamic 8 0.000
1 100 0.100 1000 4 185 dynamic 8 0.000
1 100 0.200 1000 4 371 dynamic 8 0.410
1 100 0.300 1000 4 842 dynamic 8 1.000
1 100 0.400 1000 4 987 dynamic 8 1.000
1 100 0.500 1000 4 1087 dynamic 8 1.000
1 100 0.600 1000 4 1166 dynamic 8 1.000
1 100 0.700 1000 4 1219 dynamic 8 1.000
1 100 0.800 1000 4 1256 dynamic 8 1.000
1 100 0.900 1000 4 1294 dynamic 8 1.000
1 100 1.000 1000 4 1337 dynamic 8 1.000
1 100 0.000 1000 4 181 guided 128 0.000
1 100 0.100 1000 4 194 guided 128 0.000
1 100 0.200 1000 4 333 guided 128 0.192
1 100 0.300 1000 4 888 guided 128 1.000
1 100 0.400 1000 4 1054 guided 128 1.000
1 100 0.500 1000 4 1182 guided 128 1.000
1 100 0.600 1000 4 1246 guided 128 1.000
1 100 0.700 1000 4 1292 guided 128 1.000
1 100 0.800 1000 4 1333 guided 128 1.000
1 100 0.900 1000 4 1369 guided 128 1.000
1 100 1.000 1000 4 1423 guided 128 1.000
1 100 0.000 1000 4 167 guided 1 0.000
1 100 0.100 1000 4 184 guided 1 0.000
1 100 0.200 1000 4 297 guided 1 0.000
1 100 0.300 1000 4 830 guided 1 1.000
1 100 0.400 1000 4 976 guided 1 1.000
1 100 0.500 1000 4 1079 guided 1 1.000
1 100 0.600 1000 4 1150 guided 1 1.000
1 100 0.700 1000 4 1210 guided 1 1.000
1 100 0.800 1000 4 1244 guided 1 1.000
1 100 0.900 1000 4 1277 guided 1 1.000
1 100 1.000 1000 4 1324 guided 1 1.000
1 100 0.000 1000 4 167 guided 250 0.000
1 100 0.100 1000 4 183 guided 250 0.000
1 100 0.200 1000 4 469 guided 250 0.749
1 100 0.300 1000 4 835 guided 250 1.000
1 100 0.400 1000 4 973 guided 250 1.000
1 100 0.500 1000 4 1077 guided 250 1.000
1 100 0.600 1000 4 1153 guided 250 1.000
1 100 0.700 1000 4 1202 guided 250 1.000
1 100 0.800 1000 4 1247 guided 250 1.000
1 100 0.900 1000 4 1278 guided 250 1.000
1 100 1.000 1000 4 1324 guided 250 1.000
1 100 0.000 1000 4 167 guided 2 0.000
1 100 0.100 1000 4 185 guided 2 0.000
1 100 0.200 1000 4 373 guided 2 0.229
1 100 0.300 1000 4 833 guided 2 1.000
1 100 0.400 1000 4 971 guided 2 1.000
1 100 0.500 1000 4 1078 guided 2 1.000
1 100 0.600 1000 4 1150 guided 2 1.000
1 100 0.700 1000 4 1205 guided 2 1.000
1 100 0.800 1000 4 1247 guided 2 1.000
1 100 0.900 1000 4 1275 guided 2 1.000
1 100 1.000 1000 4 1323 guided 2 1.000
1 100 0.000 1000 4 176 guided 32 0.000
1 100 0.100 1000 4 189 guided 32 0.000
1 100 0.200 1000 4 423 guided 32 0.473
1 100 0.300 1000 4 872 guided 32 1.000
1 100 0.400 1000 4 1023 guided 32 1.000
1 100 0.500 1000 4 1129 guided 32 1.000
1 100 0.600 1000 4 1189 guided 32 1.000
1 100 0.700 1000 4 1259 guided 32 1.000
1 100 0.800 1000 4 1304 guided 32 1.000
1 100 0.900 1000 4 1332 guided 32 1.000
1 100 1.000 1000 4 1390 guided 32 1.000
1 100 0.000 1000 4 166 guided 4 0.000
1 100 0.100 1000 4 183 guided 4 0.000
1 100 0.200 1000 4 428 guided 4 0.233
1 100 0.300 1000 4 835 guided 4 1.000
1 100 0.400 1000 4 969 guided 4 1.000
1 100 0.500 1000 4 1081 guided 4 1.000
1 100 0.600 1000 4 1151 guided 4 1.000
1 100 0.700 1000 4 1211 guided 4 1.000
1 100 0.800 1000 4 1244 guided 4 1.000
1 100 0.900 1000 4 1281 guided 4 1.000
1 100 1.000 1000 4 1325 guided 4 1.000
1 100 0.000 1000 4 168 guided 64 0.000
1 100 0.100 1000 4 187 guided 64 0.000
1 100 0.200 1000 4 440 guided 64 0.235
1 100 0.300 1000 4 838 guided 64 1.000
1 100 0.400 1000 4 973 guided 64 1.000
1 100 0.500 1000 4 1080 guided 64 1.000
1 100 0.600 1000 4 1162 guided 64 1.000
1 100 0.700 1000 4 1215 guided 64 1.000
1 100 0.800 1000 4 1251 guided 64 1.000
1 100 0.900 1000 4 1285 guided 64 1.000
1 100 1.000 1000 4 1331 guided 64 1.000
1 100 0.000 1000 4 169 guided 8 0.000
1 100 0.100 1000 4 184 guided 8 0.000
1 100 0.200 1000 4 311 guided 8 0.000
1 100 0.300 1000 4 841 guided 8 1.000
1 100 0.400 1000 4 979 guided 8 1.000
1 100 0.500 1000 4 1086 guided 8 1.000
1 100 0.600 1000 4 1158 guided 8 1.000
1 100 0.700 1000 4 1216 guided 8 1.000
1 100 0.800 1000 4 1249 guided 8 1.000
1 100 0.900 1000 4 1292 guided 8 1.000
1 100 1.000 1000 4 1329 guided 8 1.000
1 100 0.000 1000 4 173 static 128 0.000
1 100 0.100 1000 4 191 static 128 0.000
1 100 0.200 1000 4 338 static 128 0.000
1 100 0.300 1000 4 849 static 128 1.000
1 100 0.400 1000 4 997 static 128 1.000
1 100 0.500 1000 4 1111 static 128 1.000
1 100 0.600 1000 4 1181 static 128 1.000
1 100 0.700 1000 4 1232 static 128 1.000
1 100 0.800 1000 4 1275 static 128 1.000
1 100 0.900 1000 4 1311 static 128 1.000
1 100 1.000 1000 4 1366 static 128 1.000
1 100 0.000 1000 4 167 static 1 0.000
1 100 0.100 1000 4 189 static 1 0.000
1 100 0.200 1000 4 455 static 1 0.750
1 100 0.300 1000 4 832 static 1 1.000
1 100 0.400 1000 4 986 static 1 1.000
1 100 0.500 1000 4 1081 static 1 1.000
1 100 0.600 1000 4 1159 static 1 1.000
1 100 0.700 1000 4 1204 static 1 1.000
1 100 0.800 1000 4 1247 static 1 1.000
1 100 0.900 1000 4 1311 static 1 1.000
1 100 1.000 1000 4 1336 static 1 1.000
1 100 0.000 1000 4 325 static 250 0.000
1 100 0.100 1000 4 324 static 250 0.000
1 100 0.200 1000 4 841 static 250 0.388
1 100 0.300 1000 4 920 static 250 1.000
1 100 0.400 1000 4 1017 static 250 1.000
1 100 0.500 1000 4 1107 static 250 1.000
1 100 0.600 1000 4 1188 static 250 1.000
1 100 0.700 1000 4 1285 static 250 1.000
1 100 0.800 1000 4 1312 static 250 1.000
1 100 0.900 1000 4 1304 static 250 1.000
1 100 1.000 1000 4 1367 static 250 1.000
1 100 0.000 1000 4 166 static 2 0.000
1 100 0.100 1000 4 188 static 2 0.000
1 100 0.200 1000 4 329 static 2 0.078
1 100 0.300 1000 4 842 static 2 1.000
1 100 0.400 1000 4 980 static 2 1.000
1 100 0.500 1000 4 1082 static 2 1.000
1 100 0.600 1000 4 1156 static 2 1.000
1 100 0.700 1000 4 1203 static 2 1.000
1 100 0.800 1000 4 1242 static 2 1.000
1 100 0.900 1000 4 1276 static 2 1.000
1 100 1.000 1000 4 1328 static 2 1.000
1 100 0.000 1000 4 173 static 32 0.000
1 100 0.100 1000 4 192 static 32 0.000
1 100 0.200 1000 4 383 static 32 0.186
1 100 0.300 1000 4 869 static 32 1.000
1 100 0.400 1000 4 1016 static 32 1.000
1 100 0.500 1000 4 1137 static 32 1.000
1 100 0.600 1000 4 1200 static 32 1.000
1 100 0.700 1000 4 1261 static 32 1.000
1 100 0.800 1000 4 1303 static 32 1.000
1 100 0.900 1000 4 1336 static 32 1.000
1 100 1.000 1000 4 1392 static 32 1.000
1 100 0.000 1000 4 170 static 4 0.000
1 100 0.100 1000 4 185 static 4 0.000
1 100 0.200 1000 4 404 static 4 0.248
1 100 0.300 1000 4 838 static 4 1.000
1 100 0.400 1000 4 988 static 4 1.000
1 100 0.500 1000 4 1094 static 4 1.000
1 100 0.600 1000 4 1158 static 4 1.000
1 100 0.700 1000 4 1209 static 4 1.000
1 100 0.800 1000 4 1260 static 4 1.000
1 100 0.900 1000 4 1291 static 4 1.000
1 100 1.000 1000 4 1329 static 4 1.000
1 100 0.000 1000 4 171 static 64 0.000
1 100 0.100 1000 4 191 static 64 0.000
1 100 0.200 1000 4 431 static 64 0.230
1 100 0.300 1000 4 872 static 64 1.000
1 100 0.400 1000 4 1008 static 64 1.000
1 100 0.500 1000 4 1109 static 64 1.000
1 100 0.600 1000 4 1192 static 64 1.000
1 100 0.700 1000 4 1238 static 64 1.000
1 100 0.800 1000 4 1277 static 64 1.000
1 100 0.900 1000 4 1309 static 64 1.000
1 100 1.000 1000 4 1361 static 64 1.000
1 100 0.000 1000 4 140 static 8 0.000
1 100 0.100 1000 4 157 static 8 0.000
1 100 0.200 1000 4 286 static 8 0.176
1 100 0.300 1000 4 682 static 8 1.000
1 100 0.400 1000 4 798 static 8 1.000
1 100 0.500 1000 4 882 static 8 1.000
1 100 0.600 1000 4 943 static 8 1.000
1 100 0.700 1000 4 982 static 8 1.000
1 100 0.800 1000 4 1016 static 8 1.000
1 100 0.900 1000 4 1041 static 8 1.000
1 100 1.000 1000 4 1077 static 8 1.000
1 100 0.000 1000 8 92 auto 125 0.000
1 100 0.100 1000 8 98 auto 125 0.000
1 100 0.200 1000 8 230 auto 125 0.250
1 100 0.300 1000 8 438 auto 125 1.000
1 100 0.400 1000 8 513 auto 125 1.000
1 100 0.500 1000 8 563 auto 125 1.000
1 100 0.600 1000 8 599 auto 125 1.000
1 100 0.700 1000 8 626 auto 125 1.000
1 100 0.800 1000 8 651 auto 125 1.000
1 100 0.900 1000 8 659 auto 125 1.000
1 100 1.000 1000 8 696 auto 125 1.000
1 100 0.000 1000 8 142 auto 16 0.000
1 100 0.100 1000 8 137 auto 16 0.000
1 100 0.200 1000 8 355 auto 16 0.000
1 100 0.300 1000 8 440 auto 16 1.000
1 100 0.400 1000 8 522 auto 16 1.000
1 100 0.500 1000 8 560 auto 16 1.000
1 100 0.600 1000 8 598 auto 16 1.000
1 100 0.700 1000 8 628 auto 16 1.000
1 100 0.800 1000 8 646 auto 16 1.000
1 100 0.900 1000 8 664 auto 16 1.000
1 100 1.000 1000 8 693 auto 16 1.000
1 100 0.000 1000 8 133 auto 1 0.000
1 100 0.100 1000 8 134 auto 1 0.000
1 100 0.200 1000 8 445 auto 1 0.168
1 100 0.300 1000 8 931 auto 1 1.000
1 100 0.400 1000 8 983 auto 1 1.000
1 100 0.500 1000 8 1070 auto 1 1.000
1 100 0.600 1000 8 746 auto 1 1.000
1 100 0.700 1000 8 622 auto 1 1.000
1 100 0.800 1000 8 645 auto 1 1.000
1 100 0.900 1000 8 662 auto 1 1.000
1 100 1.000 1000 8 703 auto 1 1.000
1 100 0.000 1000 8 92 auto 2 0.000
1 100 0.100 1000 8 99 auto 2 0.000
1 100 0.200 1000 8 197 auto 2 0.125
1 100 0.300 1000 8 440 auto 2 1.000
1 100 0.400 1000 8 513 auto 2 1.000
1 100 0.500 1000 8 571 auto 2 1.000
1 100 0.600 1000 8 596 auto 2 1.000
1 100 0.700 1000 8 624 auto 2 1.000
1 100 0.800 1000 8 649 auto 2 1.000
1 100 0.900 1000 8 666 auto 2 1.000
1 100 1.000 1000 8 694 auto 2 1.000
1 100 0.000 1000 8 91 auto 32 0.000
1 100 0.100 1000 8 98 auto 32 0.000
1 100 0.200 1000 8 245 auto 32 0.125
1 100 0.300 1000 8 438 auto 32 1.000
1 100 0.400 1000 8 514 auto 32 1.000
1 100 0.500 1000 8 561 auto 32 1.000
1 100 0.600 1000 8 599 auto 32 1.000
1 100 0.700 1000 8 624 auto 32 1.000
1 100 0.800 1000 8 645 auto 32 1.000
1 100 0.900 1000 8 662 auto 32 1.000
1 100 1.000 1000 8 687 auto 32 1.000
1 100 0.000 1000 8 90 auto 4 0.000
1 100 0.100 1000 8 100 auto 4 0.000
1 100 0.200 1000 8 227 auto 4 0.250
1 100 0.300 1000 8 437 auto 4 1.000
1 100 0.400 1000 8 514 auto 4 1.000
1 100 0.500 1000 8 567 auto 4 1.000
1 100 0.600 1000 8 599 auto 4 1.000
1 100 0.700 1000 8 627 auto 4 1.000
1 100 0.800 1000 8 645 auto 4 1.000
1 100 0.900 1000 8 660 auto 4 1.000
1 100 1.000 1000 8 695 auto 4 1.000
1 100 0.000 1000 8 90 auto 64 0.000
1 100 0.100 1000 8 97 auto 64 0.000
1 100 0.200 1000 8 245 auto 64 0.375
1 100 0.300 1000 8 439 auto 64 1.000
1 100 0.400 1000 8 516 auto 64 1.000
1 100 0.500 1000 8 563 auto 64 1.000
1 100 0.600 1000 8 599 auto 64 1.000
1 100 0.700 1000 8 629 auto 64 1.000
1 100 0.800 1000 8 642 auto 64 1.000
1 100 0.900 1000 8 660 auto 64 1.000
1 100 1.000 1000 8 699 auto 64 1.000
1 100 0.000 1000 8 95 auto 8 0.000
1 100 0.100 1000 8 96 auto 8 0.000
1 100 0.200 1000 8 165 auto 8 0.000
1 100 0.300 1000 8 436 auto 8 1.000
1 100 0.400 1000 8 513 auto 8 1.000
1 100 0.500 1000 8 566 auto 8 1.000
1 100 0.600 1000 8 613 auto 8 1.000
1 100 0.700 1000 8 639 auto 8 1.000
1 100 0.800 1000 8 646 auto 8 1.000
1 100 0.900 1000 8 661 auto 8 1.000
1 100 1.000 1000 8 689 auto 8 1.000
1 100 0.000 1000 8 93 dynamic 125 0.000
1 100 0.100 1000 8 99 dynamic 125 0.000
1 100 0.200 1000 8 225 dynamic 125 0.125
1 100 0.300 1000 8 439 dynamic 125 1.000
1 100 0.400 1000 8 512 dynamic 125 1.000
1 100 0.500 1000 8 567 dynamic 125 1.000
1 100 0.600 1000 8 596 dynamic 125 1.000
1 100 0.700 1000 8 627 dynamic 125 1.000
1 100 0.800 1000 8 647 dynamic 125 1.000
1 100 0.900 1000 8 662 dynamic 125 1.000
1 100 1.000 1000 8 697 dynamic 125 1.000
1 100 0.000 1000 8 93 dynamic 16 0.000
1 100 0.100 1000 8 100 dynamic 16 0.000
1 100 0.200 1000 8 176 dynamic 16 0.184
1 100 0.300 1000 8 442 dynamic 16 1.000
1 100 0.400 1000 8 518 dynamic 16 1.000
1 100 0.500 1000 8 577 dynamic 16 1.000
1 100 0.600 1000 8 613 dynamic 16 1.000
1 100 0.700 1000 8 640 dynamic 16 1.000
1 100 0.800 1000 8 662 dynamic 16 1.000
1 100 0.900 1000 8 673 dynamic 16 1.000
1 100 1.000 1000 8 717 dynamic 16 1.000
1 100 0.000 1000 8 121 dynamic 1 0.000
1 100 0.100 1000 8 136 dynamic 1 0.000
1 100 0.200 1000 8 327 dynamic 1 0.088
1 100 0.300 1000 8 907 dynamic 1 1.000
1 100 0.400 1000 8 958 dynamic 1 1.000
1 100 0.500 1000 8 1071 dynamic 1 1.000
1 100 0.600 1000 8 1088 dynamic 1 1.000
1 100 0.700 1000 8 782 dynamic 1 1.000
1 100 0.800 1000 8 642 dynamic 1 1.000
1 100 0.900 1000 8 656 dynamic 1 1.000
1 100 1.000 1000 8 687 dynamic 1 1.000
1 100 0.000 1000 8 94 dynamic 2 0.000
1 100 0.100 1000 8 97 dynamic 2 0.000
1 100 0.200 1000 8 154 dynamic 2 0.072
1 100 0.300 1000 8 434 dynamic 2 1.000
1 100 0.400 1000 8 509 dynamic 2 1.000
1 100 0.500 1000 8 559 dynamic 2 1.000
1 100 0.600 1000 8 596 dynamic 2 1.000
1 100 0.700 1000 8 622 dynamic 2 1.000
1 100 0.800 1000 8 643 dynamic 2 1.000
1 100 0.900 1000 8 659 dynamic 2 1.000
1 100 1.000 1000 8 691 dynamic 2 1.000
1 100 0.000 1000 8 92 dynamic 32 0.000
1 100 0.100 1000 8 96 dynamic 32 0.000
1 100 0.200 1000 8 201 dynamic 32 0.384
1 100 0.300 1000 8 445 dynamic 32 1.000
1 100 0.400 1000 8 521 dynamic 32 1.000
1 100 0.500 1000 8 580 dynamic 32 1.000
1 100 0.600 1000 8 610 dynamic 32 1.000
1 100 0.700 1000 8 652 dynamic 32 1.000
1 100 0.800 1000 8 657 dynamic 32 1.000
1 100 0.900 1000 8 674 dynamic 32 1.000
1 100 1.000 1000 8 709 dynamic 32 1.000
1 100 0.000 1000 8 91 dynamic 4 0.000
1 100 0.100 1000 8 100 dynamic 4 0.000
1 100 0.200 1000 8 181 dynamic 4 0.398
1 100 0.300 1000 8 440 dynamic 4 1.000
1 100 0.400 1000 8 521 dynamic 4 1.000
1 100 0.500 1000 8 569 dynamic 4 1.000
1 100 0.600 1000 8 606 dynamic 4 1.000
1 100 0.700 1000 8 631 dynamic 4 1.000
1 100 0.800 1000 8 650 dynamic 4 1.000
1 100 0.900 1000 8 671 dynamic 4 1.000
1 100 1.000 1000 8 703 dynamic 4 1.000
1 100 0.000 1000 8 104 dynamic 64 0.000
1 100 0.100 1000 8 101 dynamic 64 0.000
1 100 0.200 1000 8 231 dynamic 64 0.104
1 100 0.300 1000 8 448 dynamic 64 1.000
1 100 0.400 1000 8 518 dynamic 64 1.000
1 100 0.500 1000 8 579 dynamic 64 1.000
1 100 0.600 1000 8 612 dynamic 64 1.000
1 100 0.700 1000 8 644 dynamic 64 1.000
1 100 0.800 1000 8 656 dynamic 64 1.000
1 100 0.900 1000 8 675 dynamic 64 1.000
1 100 1.000 1000 8 708 dynamic 64 1.000
1 100 0.000 1000 8 96 dynamic 8 0.000
1 100 0.100 1000 8 97 dynamic 8 0.000
1 100 0.200 1000 8 169 dynamic 8 0.185
1 100 0.300 1000 8 440 dynamic 8 1.000
1 100 0.400 1000 8 521 dynamic 8 1.000
1 100 0.500 1000 8 571 dynamic 8 1.000
1 100 0.600 1000 8 614 dynamic 8 1.000
1 100 0.700 1000 8 634 dynamic 8 1.000
1 100 0.800 1000 8 661 dynamic 8 1.000
1 100 0.900 1000 8 673 dynamic 8 1.000
1 100 1.000 1000 8 702 dynamic 8 1.000
1 100 0.000 1000 8 90 guided 125 0.000
1 100 0.100 1000 8 99 guided 125 0.000
1 100 0.200 1000 8 260 guided 125 0.375
1 100 0.300 1000 8 439 guided 125 1.000
1 100 0.400 1000 8 515 guided 125 1.000
1 100 0.500 1000 8 567 guided 125 1.000
1 100 0.600 1000 8 596 guided 125 1.000
1 100 0.700 1000 8 627 guided 125 1.000
1 100 0.800 1000 8 649 guided 125 1.000
1 100 0.900 1000 8 657 guided 125 1.000
1 100 1.000 1000 8 704 guided 125 1.000
1 100 0.000 1000 8 95 guided 16 0.000
1 100 0.100 1000 8 100 guided 16 0.000
1 100 0.200 1000 8 220 guided 16 0.328
1 100 0.300 1000 8 448 guided 16 1.000
1 100 0.400 1000 8 531 guided 16 1.000
1 100 0.500 1000 8 574 guided 16 1.000
1 100 0.600 1000 8 620 guided 16 1.000
1 100 0.700 1000 8 640 guided 16 1.000
1 100 0.800 1000 8 661 guided 16 1.000
1 100 0.900 1000 8 686 guided 16 1.000
1 100 1.000 1000 8 710 guided 16 1.000
1 100 0.000 1000 8 91 guided 1 0.000
1 100 0.100 1000 8 97 guided 1 0.000
1 100 0.200 1000 8 185 guided 1 0.110
1 100 0.300 1000 8 433 guided 1 1.000
1 100 0.400 1000 8 503 guided 1 1.000
1 100 0.500 1000 8 557 guided 1 1.000
1 100 0.600 1000 8 597 guided 1 1.000
1 100 0.700 1000 8 635 guided 1 1.000
1 100 0.800 1000 8 642 guided 1 1.000
1 100 0.900 1000 8 658 guided 1 1.000
1 100 1.000 1000 8 687 guided 1 1.000
1 100 0.000 1000 8 91 guided 2 0.000
1 100 0.100 1000 8 98 guided 2 0.000
1 100 0.200 1000 8 212 guided 2 0.283
1 100 0.300 1000 8 433 guided 2 1.000
1 100 0.400 1000 8 507 guided 2 1.000
1 100 0.500 1000 8 558 guided 2 1.000
1 100 0.600 1000 8 597 guided 2 1.000
1 100 0.700 1000 8 627 guided 2 1.000
1 100 0.800 1000 8 642 guided 2 1.000
1 100 0.900 1000 8 659 guided 2 1.000
1 100 1.000 1000 8 689 guided 2 1.000
1 100 0.000 1000 8 98 guided 32 0.000
1 100 0.100 1000 8 108 guided 32 0.000
1 100 0.200 1000 8 226 guided 32 0.170
1 100 0.300 1000 8 473 guided 32 1.000
1 100 0.400 1000 8 550 guided 32 1.000
1 100 0.500 1000 8 614 guided 32 1.000
1 100 0.600 1000 8 655 guided 32 1.000
1 100 0.700 1000 8 677 guided 32 1.000
1 100 0.800 1000 8 707 guided 32 1.000
1 100 0.900 1000 8 731 guided 32 1.000
1 100 1.000 1000 8 755 guided 32 1.000
1 100 0.000 1000 8 90 guided 4 0.000
1 100 0.100 1000 8 98 guided 4 0.000
1 100 0.200 1000 8 169 guided 4 0.000
1 100 0.300 1000 8 437 guided 4 1.000
1 100 0.400 1000 8 514 guided 4 1.000
1 100 0.500 1000 8 565 guided 4 1.000
1 100 0.600 1000 8 602 guided 4 1.000
1 100 0.700 1000 8 631 guided 4 1.000
1 100 0.800 1000 8 646 guided 4 1.000
1 100 0.900 1000 8 668 guided 4 1.000
1 100 1.000 1000 8 689 guided 4 1.000
1 100 0.000 1000 8 105 guided 64 0.000
1 100 0.100 1000 8 112 guided 64 0.000
1 100 0.200 1000 8 215 guided 64 0.128
1 100 0.300 1000 8 499 guided 64 1.000
1 100 0.400 1000 8 595 guided 64 1.000
1 100 0.500 1000 8 652 guided 64 1.000
1 100 0.600 1000 8 697 guided 64 1.000
1 100 0.700 1000 8 729 guided 64 1.000
1 100 0.800 1000 8 755 guided 64 1.000
1 100 0.900 1000 8 775 guided 64 1.000
1 100 1.000 1000 8 808 guided 64 1.000
1 100 0.000 1000 8 93 guided 8 0.000
1 100 0.100 1000 8 102 guided 8 0.000
1 100 0.200 1000 8 231 guided 8 0.084
1 100 0.300 1000 8 444 guided 8 1.000
1 100 0.400 1000 8 520 guided 8 1.000
1 100 0.500 1000 8 573 guided 8 1.000
1 100 0.600 1000 8 612 guided 8 1.000
1 100 0.700 1000 8 638 guided 8 1.000
1 100 0.800 1000 8 658 guided 8 1.000
1 100 0.900 1000 8 675 guided 8 1.000
1 100 1.000 1000 8 706 guided 8 1.000
1 100 0.000 1000 8 89 static 125 0.000
1 100 0.100 1000 8 96 static 125 0.000
1 100 0.200 1000 8 184 static 125 0.000
1 100 0.300 1000 8 435 static 125 1.000
1 100 0.400 1000 8 511 static 125 1.000
1 100 0.500 1000 8 561 static 125 1.000
1 100 0.600 1000 8 603 static 125 1.000
1 100 0.700 1000 8 627 static 125 1.000
1 100 0.800 1000 8 644 static 125 1.000
1 100 0.900 1000 8 663 static 125 1.000
1 100 1.000 1000 8 699 static 125 1.000
1 100 0.000 1000 8 96 static 16 0.000
1 100 0.100 1000 8 100 static 16 0.000
1 100 0.200 1000 8 200 static 16 0.216
1 100 0.300 1000 8 447 static 16 1.000
1 100 0.400 1000 8 526 static 16 1.000
1 100 0.500 1000 8 582 static 16 1.000
1 100 0.600 1000 8 614 static 16 1.000
1 100 0.700 1000 8 635 static 16 1.000
1 100 0.800 1000 8 656 static 16 1.000
1 100 0.900 1000 8 679 static 16 1.000
1 100 1.000 1000 8 706 static 16 1.000
1 100 0.000 1000 8 92 static 1 0.000
1 100 0.100 1000 8 96 static 1 0.000
1 100 0.200 1000 8 263 static 1 0.375
1 100 0.300 1000 8 437 static 1 1.000
1 100 0.400 1000 8 513 static 1 1.000
1 100 0.500 1000 8 564 static 1 1.000
1 100 0.600 1000 8 597 static 1 1.000
1 100 0.700 1000 8 626 static 1 1.000
1 100 0.800 1000 8 646 static 1 1.000
1 100 0.900 1000 8 658 static 1 1.000
1 100 1.000 1000 8 694 static 1 1.000
1 100 0.000 1000 8 91 static 2 0.000
1 100 0.100 1000 8 101 static 2 0.000
1 100 0.200 1000 8 257 static 2 0.616
1 100 0.300 1000 8 442 static 2 1.000
1 100 0.400 1000 8 511 static 2 1.000
1 100 0.500 1000 8 564 static 2 1.000
1 100 0.600 1000 8 603 static 2 1.000
1 100 0.700 1000 8 628 static 2 1.000
1 100 0.800 1000 8 651 static 2 1.000
1 100 0.900 1000 8 663 static 2 1.000
1 100 1.000 1000 8 702 static 2 1.000
1 100 0.000 1000 8 94 static 32 0.000
1 100 0.100 1000 8 100 static 32 0.000
1 100 0.200 1000 8 174 static 32 0.000
1 100 0.300 1000 8 444 static 32 1.000
1 100 0.400 1000 8 519 static 32 1.000
1 100 0.500 1000 8 574 static 32 1.000
1 100 0.600 1000 8 614 static 32 1.000
1 100 0.700 1000 8 650 static 32 1.000
1 100 0.800 1000 8 660 static 32 1.000
1 100 0.900 1000 8 681 static 32 1.000
1 100 1.000 1000 8 709 static 32 1.000
1 100 0.000 1000 8 91 static 4 0.000
1 100 0.100 1000 8 100 static 4 0.000
1 100 0.200 1000 8 177 static 4 0.000
1 100 0.300 1000 8 445 static 4 1.000
1 100 0.400 1000 8 528 static 4 1.000
1 100 0.500 1000 8 575 static 4 1.000
1 100 0.600 1000 8 607 static 4 1.000
1 100 0.700 1000 8 637 static 4 1.000
1 100 0.800 1000 8 657 static 4 1.000
1 100 0.900 1000 8 676 static 4 1.000
1 100 1.000 1000 8 713 static 4 1.000
1 100 0.000 1000 8 93 static 64 0.000
1 100 0.100 1000 8 100 static 64 0.000
1 100 0.200 1000 8 204 static 64 0.104
1 100 0.300 1000 8 448 static 64 1.000
1 100 0.400 1000 8 526 static 64 1.000
1 100 0.500 1000 8 572 static 64 1.000
1 100 0.600 1000 8 613 static 64 1.000
1 100 0.700 1000 8 641 static 64 1.000
1 100 0.800 1000 8 657 static 64 1.000
1 100 0.900 1000 8 680 static 64 1.000
1 100 1.000 1000 8 715 static 64 1.000
1 100 0.000 1000 8 94 static 8 0.000
1 100 0.100 1000 8 101 static 8 0.000
1 100 0.200 1000 8 231 static 8 0.285
1 100 0.300 1000 8 445 static 8 1.000
1 100 0.400 1000 8 532 static 8 1.000
1 100 0.500 1000 8 578 static 8 1.000
1 100 0.600 1000 8 612 static 8 1.000
1 100 0.700 1000 8 645 static 8 1.000
1 100 0.800 1000 8 669 static 8 1.000
1 100 0.900 1000 8 684 static 8 1.000
1 100 1.000 1000 8 709 static 8 1.000
